compare_case=C101 seed1 scenarios=S1,S2,S3 walltime=60s
EDE_base=0.810338024564
EDE_tuned1=0.939323918812
EDE_tuned2=0.810338024564
ILS_MS_base=0.817527205655
ILS_MS_tuned1=0.795110001794
ILS_MS_tuned2=0.796660854538
StdDE_base=1.059631960891
StdDE_tuned1=1.087121539011
StdDE_tuned2=1.084113793452
